           1   1.1499999999999965E-004
           2   8.9999999999998935E-006
           3   6.0000000000003627E-006
           4   7.0000000000000617E-006
           5   8.0000000000001945E-006
           6   9.9999999999995925E-006
           7   1.1000000000000593E-005
           8   1.1999999999999858E-005
           9   1.8999999999999920E-005
          10   1.6999999999999654E-005
          11   1.8999999999999920E-005
          12   2.1999999999999451E-005
          13   2.4000000000000583E-005
          14   2.7999999999999380E-005
          15   3.0999999999999778E-005
          16   4.1000000000000238E-005
          17   3.7999999999999839E-005
          18   4.4000000000000636E-005
          19   4.9000000000000432E-005
          20   5.9000000000000025E-005
          21   6.1000000000000290E-005
          22   6.5999999999999219E-005
          23   1.0300000000000066E-004
          24   8.0999999999999475E-005
          25   8.7999999999999537E-005
          26   1.0299999999999979E-004
          27   1.0699999999999946E-004
          28   1.1500000000000052E-004
          29   1.2599999999999938E-004
          30   1.3699999999999997E-004
          31   1.9700000000000013E-004
          32   1.6100000000000055E-004
          33   1.7999999999999960E-004
          34   1.8799999999999980E-004
          35   2.0699999999999972E-004
          36   2.1300000000000052E-004
          37   2.3000000000000017E-004
          38   2.5100000000000035E-004
          39   2.6400000000000035E-004
          40   2.8100000000000000E-004
          41   1.2500000000000011E-004
          42   1.0199999999999966E-004
          43   1.0800000000000046E-004
          44   1.2100000000000131E-004
          45   1.2200000000000058E-004
          46   1.3099999999999917E-004
          47   1.3699999999999997E-004
          48   1.4699999999999956E-004
          49   1.5199999999999936E-004
          50   1.7500000000000154E-004
          51   1.8000000000000134E-004
          52   1.7900000000000034E-004
          53   2.0100000000000152E-004
          54   1.9100000000000020E-004
          55   2.0200000000000079E-004
          56   2.1000000000000012E-004
          57   2.1999999999999971E-004
          58   2.3300000000000057E-004
          59   2.5299999999999975E-004
          60   2.5500000000000002E-004
          61   2.6699999999999988E-004
          62   2.8000000000000073E-004
          63   2.9099999999999959E-004
          64   3.2500000000000064E-004
          65   3.2000000000000084E-004
          66   3.3900000000000076E-004
          67   3.4799999999999935E-004
          68   3.6000000000000094E-004
          69   3.7799999999999986E-004
          70   3.9400000000000025E-004
          71   4.8199999999999979E-004
          72   4.3600000000000236E-004
          73   4.4200000000000142E-004
          74   4.5500000000000054E-004
          75   4.8999999999999738E-004
          76   5.0000000000000044E-004
          77   5.1899999999999863E-004
          78   5.8200000000000265E-004
          79   5.9000000000000025E-004
          80   6.3500000000000015E-004
          81   6.1299999999999896E-004
          82   6.2500000000000056E-004
          83   6.4599999999999727E-004
          84   6.6899999999999946E-004
          85   6.9199999999999817E-004
          86   7.1399999999999936E-004
          87   7.4700000000000114E-004
          88   7.7799999999999744E-004
          89   7.6100000000000126E-004
          90   7.9800000000000010E-004
          91   1.0119999999999990E-003
          92   8.2400000000000181E-004
          93   8.5899999999999865E-004
          94   8.6100000000000065E-004
          95   8.9200000000000390E-004
          96   9.1100000000000209E-004
          97   9.4199999999999839E-004
          98   9.9299999999999389E-004
          99   1.0690000000000005E-003
         100   1.0220000000000021E-003
         101   1.0510000000000033E-003
         102   1.0800000000000046E-003
         103   1.1649999999999994E-003
         104   1.1670000000000014E-003
         105   1.2009999999999937E-003
         106   1.2139999999999998E-003
         107   1.2469999999999981E-003
         108   1.3139999999999957E-003
         109   1.5900000000000011E-003
         110   1.3429999999999970E-003
         111   1.3830000000000023E-003
         112   1.4100000000000015E-003
         113   1.4800000000000021E-003
         114   1.4780000000000001E-003
         115   1.4769999999999991E-003
         116   1.5060000000000004E-003
         117   1.5879999999999991E-003
         118   1.5849999999999892E-003
         119   1.5890000000000071E-003
         120   1.5850000000000031E-003
         121   1.5869999999999912E-003
         122   1.6229999999999994E-003
         123   1.6039999999999943E-003
         124   1.6469999999999957E-003
         125   1.6679999999999889E-003
         126   1.6570000000000057E-003
         127   1.6970000000000041E-003
         128   1.7210000000000003E-003
         129   1.7080000000000012E-003
         130   1.7520000000000036E-003
         131   1.7279999999999934E-003
         132   1.7759999999999998E-003
         133   1.7810000000000048E-003
         134   1.8680000000000085E-003
         135   1.8500000000000044E-003
         136   1.9399999999999973E-003
         137   1.9269999999999982E-003
         138   2.0159999999999900E-003
         139   2.2059999999999996E-003
         140   2.1899999999999975E-003
         141   2.9209999999999930E-003
         142   4.1270000000000057E-003
         143   2.8340000000000032E-003
         144   2.7350000000000013E-003
         145   4.0790000000000132E-003
         146   2.4750000000000050E-003
         147   2.5489999999999957E-003
         148   2.6200000000000112E-003
         149   2.8739999999999877E-003
         150   2.6799999999999879E-003
         151   2.7709999999999957E-003
         152   2.7999999999999969E-003
         153   2.8469999999999884E-003
         154   2.8639999999999777E-003
         155   2.9139999999999999E-003
         156   2.9109999999999969E-003
         157   2.8930000000000067E-003
         158   2.9070000000000207E-003
         159   2.9579999999999884E-003
         160   3.0179999999999929E-003
         161   3.0750000000000222E-003
         162   3.1279999999999919E-003
         163   3.2159999999999966E-003
         164   3.2979999999999954E-003
         165   3.3030000000000004E-003
         166   3.3490000000000186E-003
         167   3.4109999999999974E-003
         168   3.4730000000000039E-003
         169   3.5850000000000048E-003
         170   3.6380000000000023E-003
         171   3.6510000000000153E-003
         172   3.7149999999999961E-003
         173   3.7739999999999996E-003
         174   3.8460000000000161E-003
         175   3.9030000000000176E-003
         176   4.0310000000000068E-003
         177   4.0340000000000098E-003
         178   4.0989999999999915E-003
         179   4.1670000000000040E-003
         180   4.2379999999999918E-003
         181   4.3460000000000165E-003
         182   4.3679999999999830E-003
         183   4.4390000000000263E-003
         184   4.5149999999999912E-003
         185   4.5810000000000017E-003
         186   4.7019999999999840E-003
         187   4.7249999999999792E-003
         188   4.8080000000000345E-003
         189   5.0129999999999897E-003
         190   4.9560000000000159E-003
         191   5.0720000000000209E-003
         192   5.1129999999999787E-003
         193   5.1750000000000407E-003
         194   5.2610000000000157E-003
         195   5.3359999999999519E-003
         196   5.4279999999999884E-003
         197   5.5450000000000221E-003
         198   5.6160000000000099E-003
         199   5.6669999999999776E-003
         200   5.7519999999999794E-003
         201   1.0605000000000000E-002
         202   8.4469999999999996E-003
         203   7.7819999999999973E-003
         204   7.9919999999999991E-003
         205   8.0280000000000004E-003
         206   7.7650000000000011E-003
         207   7.3359999999999953E-003
         208   6.9440000000000057E-003
         209   6.7070000000000046E-003
         210   6.6439999999999971E-003
         211   6.7250000000000087E-003
         212   6.8360000000000087E-003
         213   6.8889999999999924E-003
         214   7.0309999999999956E-003
         215   7.0759999999999990E-003
         216   7.2249999999999814E-003
         217   7.3149999999999882E-003
         218   7.4079999999999979E-003
         219   7.5090000000000157E-003
         220   7.6209999999999889E-003
         221   7.6630000000000031E-003
         222   7.8070000000000084E-003
         223   7.8860000000000041E-003
         224   8.0359999999999876E-003
         225   8.0810000000000048E-003
         226   8.2179999999999753E-003
         227   8.3570000000000033E-003
         228   8.4450000000000081E-003
         229   8.5670000000000190E-003
         230   8.6609999999999743E-003
         231   8.7860000000000160E-003
         232   8.8889999999999803E-003
         233   8.9959999999999485E-003
         234   9.0929999999999622E-003
         235   9.1700000000000115E-003
         236   9.3509999999999982E-003
         237   9.4039999999999679E-003
         238   9.5689999999999942E-003
         239   9.6709999999999852E-003
         240   9.7629999999999661E-003
         241   9.9110000000000031E-003
         242   1.0025999999999979E-002
         243   1.0328000000000004E-002
         244   1.0415999999999981E-002
         245   1.0442999999999980E-002
         246   1.0517999999999972E-002
         247   1.0651000000000022E-002
         248   1.0946000000000011E-002
         249   1.0879000000000028E-002
         250   1.1035000000000017E-002
         251   1.1161000000000032E-002
         252   1.1348000000000025E-002
         253   1.1363000000000012E-002
         254   1.1740999999999946E-002
         255   1.1690000000000089E-002
         256   1.2043000000000026E-002
         257   1.1929999999999996E-002
         258   1.2122999999999995E-002
         259   1.2223999999999902E-002
         260   1.2368999999999963E-002
         261   1.2479000000000018E-002
         262   1.3337000000000043E-002
         263   1.2790999999999997E-002
         264   1.3063000000000047E-002
         265   1.3085999999999931E-002
         266   1.3201000000000018E-002
         267   1.3479000000000019E-002
         268   1.3678999999999997E-002
         269   1.3653999999999944E-002
         270   1.3762999999999970E-002
         271   1.3949999999999907E-002
         272   1.4131999999999922E-002
         273   1.4248000000000038E-002
         274   1.4379000000000031E-002
         275   1.4544000000000001E-002
         276   1.4741000000000004E-002
         277   1.4890999999999988E-002
         278   1.5061999999999909E-002
         279   1.5222000000000069E-002
         280   1.5367000000000020E-002
         281   1.5510999999999942E-002
         282   1.5745000000000009E-002
         283   1.5822000000000003E-002
         284   1.6124000000000027E-002
         285   1.6280000000000072E-002
         286   1.6329000000000038E-002
         287   1.6608000000000067E-002
         288   1.6720999999999986E-002
         289   1.7007999999999912E-002
         290   1.7136999999999958E-002
         291   1.7272999999999872E-002
         292   1.7360999999999960E-002
         293   1.7500000000000071E-002
         294   1.7702999999999802E-002
         295   1.7935999999999952E-002
         296   1.8174000000000134E-002
         297   1.8285000000000107E-002
         298   1.8580999999999959E-002
         299   1.9405999999999812E-002
         300   1.8909999999999982E-002
         301   2.7111999999999997E-002
         302   2.4700000000000000E-002
         303   2.0798000000000004E-002
         304   1.9643999999999995E-002
         305   1.9768999999999995E-002
         306   1.9945000000000004E-002
         307   2.0261000000000001E-002
         308   2.0434000000000008E-002
         309   2.0498000000000016E-002
         310   2.0654999999999979E-002
         311   2.0901000000000031E-002
         312   2.1253999999999995E-002
         313   2.1233000000000002E-002
         314   2.1450999999999998E-002
         315   2.1651000000000031E-002
         316   2.2033999999999998E-002
         317   2.2053999999999963E-002
         318   2.2260999999999975E-002
         319   2.2426000000000001E-002
         320   2.2801999999999989E-002
         321   2.2926000000000002E-002
         322   2.3361000000000021E-002
         323   2.3507000000000056E-002
         324   2.3594000000000004E-002
         325   2.3973000000000022E-002
         326   2.4137999999999993E-002
         327   2.4653000000000036E-002
         328   2.4402999999999953E-002
         329   2.4621000000000004E-002
         330   2.4901000000000062E-002
         331   2.5038000000000005E-002
         332   2.5534999999999974E-002
         333   2.5572999999999957E-002
         334   2.5754000000000055E-002
         335   2.5999999999999912E-002
         336   2.6231000000000004E-002
         337   2.6388999999999996E-002
         338   2.6621000000000006E-002
         339   2.6885999999999965E-002
         340   2.7282000000000028E-002
         341   2.7524999999999911E-002
         342   2.7566999999999897E-002
         343   2.7800999999999965E-002
         344   2.8069000000000122E-002
         345   2.8359000000000023E-002
         346   2.8527999999999887E-002
         347   2.8947000000000056E-002
         348   2.9551000000000105E-002
         349   2.9302999999999857E-002
         350   2.9681000000000068E-002
         351   2.9775000000000107E-002
         352   3.0078999999999967E-002
         353   3.0361000000000082E-002
         354   3.0499999999999972E-002
         355   3.0744000000000105E-002
         356   3.1055999999999973E-002
         357   3.1264000000000181E-002
         358   3.1742000000000159E-002
         359   3.2061000000000117E-002
         360   3.2254999999999923E-002
         361   3.2390999999999837E-002
         362   3.2623000000000069E-002
         363   3.2919999999999838E-002
         364   3.3196999999999921E-002
         365   3.3630999999999966E-002
         366   3.3844999999999903E-002
         367   3.4307999999999783E-002
         368   3.4340000000000259E-002
         369   3.4569999999999990E-002
         370   3.4844000000000097E-002
         371   3.5152000000000072E-002
         372   3.5539999999999905E-002
         373   3.5552000000000028E-002
         374   3.5947999999999869E-002
         375   3.6452000000000151E-002
         376   3.6779000000000117E-002
         377   3.6862999999999868E-002
         378   3.6976999999999816E-002
         379   3.7437999999999860E-002
         380   3.7595999999999741E-002
         381   3.7977999999999845E-002
         382   3.8291999999999771E-002
         383   3.8845999999999936E-002
         384   3.9258000000000237E-002
         385   3.9317999999999742E-002
         386   3.9562000000000097E-002
         387   3.9925999999999906E-002
         388   4.0118999999999794E-002
         389   4.0327000000000002E-002
         390   4.0519000000000194E-002
         391   4.1207999999999689E-002
         392   4.1247000000000256E-002
         393   4.1454000000000324E-002
         394   4.1824999999999779E-002
         395   4.2141999999999680E-002
         396   4.2498000000000147E-002
         397   4.3460000000000498E-002
         398   4.3034000000000017E-002
         399   4.3419999999999792E-002
         400   4.3887999999999927E-002
         401   5.3594999999999997E-002
         402   4.4881000000000004E-002
         403   4.4889000000000012E-002
         404   4.5084999999999986E-002
         405   4.5432000000000000E-002
         406   4.5874999999999999E-002
         407   4.6358999999999984E-002
         408   4.6704999999999997E-002
         409   4.6918999999999988E-002
         410   4.7190000000000010E-002
         411   4.7781999999999991E-002
         412   4.8057000000000016E-002
         413   4.8916999999999988E-002
         414   4.8462999999999923E-002
         415   4.8968999999999929E-002
         416   4.9524000000000012E-002
         417   4.9549999999999983E-002
         418   5.0051999999999985E-002
         419   5.0402000000000058E-002
         420   5.0738999999999979E-002
         421   5.1182999999999979E-002
         422   5.1363000000000048E-002
         423   5.1779000000000019E-002
         424   5.2851999999999899E-002
         425   5.3335999999999828E-002
         426   5.3757000000000055E-002
         427   5.3285999999999945E-002
         428   5.3724000000000105E-002
         429   5.4067000000000087E-002
         430   5.4798999999999820E-002
         431   5.4718000000000044E-002
         432   5.4962999999999873E-002
         433   5.5373999999999812E-002
         434   5.5814000000000030E-002
         435   5.7282000000000055E-002
         436   5.6747000000000103E-002
         437   5.7183999999999902E-002
         438   5.7173000000000140E-002
         439   5.7698999999999945E-002
         440   5.8205999999999758E-002
         441   5.8350000000000346E-002
         442   6.0015000000000374E-002
         443   6.0922999999999838E-002
         444   6.0161999999999605E-002
         445   6.0656000000000265E-002
         446   6.0661000000000076E-002
         447   6.1371999999999982E-002
         448   6.1545999999999879E-002
         449   6.1522999999999772E-002
         450   6.2215000000000131E-002
         451   6.2498000000000165E-002
         452   6.3060999999999812E-002
         453   6.3517999999999741E-002
         454   6.4337000000000089E-002
         455   6.4279999999999671E-002
         456   6.4686000000000021E-002
         457   6.4865000000000173E-002
         458   6.7494000000000387E-002
         459   6.6789999999999683E-002
         460   6.6418000000000088E-002
         461   6.6587000000000174E-002
         462   6.7328999999999972E-002
         463   6.8391000000000091E-002
         464   6.8109999999999893E-002
         465   6.8605999999999945E-002
         466   6.8887999999999838E-002
         467   6.9469999999999921E-002
         468   6.9709999999999717E-002
         469   7.0088999999999402E-002
         470   7.0721999999999952E-002
         471   7.3141999999999818E-002
         472   7.5031000000000070E-002
         473   7.2821000000000247E-002
         474   7.3534999999999684E-002
         475   7.3398999999999326E-002
         476   7.3457000000000328E-002
         477   7.3783000000000598E-002
         478   7.4384000000000228E-002
         479   7.5891000000000375E-002
         480   7.5358999999999732E-002
         481   7.5671999999999962E-002
         482   7.6051999999999786E-002
         483   7.6449000000000211E-002
         484   7.7027000000000179E-002
         485   7.8914000000000151E-002
         486   7.8072999999999837E-002
         487   7.9412999999999734E-002
         488   7.9524000000000150E-002
         489   7.9278999999999655E-002
         490   7.9884999999999984E-002
         491   8.0193999999999654E-002
         492   8.6342000000000141E-002
         493   8.1584000000000323E-002
         494   8.2748999999999739E-002
         495   8.2333000000000212E-002
         496   8.2779000000000380E-002
         497   8.4356000000000542E-002
         498   8.3857999999999322E-002
         499   8.4270999999999319E-002
         500   8.5007000000000055E-002
         501   8.5976999999999748E-002
         502   8.5965999999999099E-002
         503   8.6202000000000112E-002
         504   8.6964999999999293E-002
         505   8.7438000000000571E-002
         506   8.8104000000000404E-002
         507   8.9132000000000211E-002
         508   8.9375999999999678E-002
         509   9.5066000000000095E-002
         510   9.5925000000000260E-002
         511   9.4473999999999947E-002
         512   9.1680000000000206E-002
         513   9.1537999999999897E-002
         514   9.4344000000000428E-002
         515   9.2896999999999785E-002
         516   9.3006000000000810E-002
         517   9.3698999999999089E-002
         518   9.4097999999998905E-002
         519   9.5920999999998813E-002
         520   9.6660999999999220E-002
         521   9.5803999999999334E-002
         522   9.6111999999999753E-002
         523   9.6807999999999339E-002
         524   9.7419999999999618E-002
         525   9.7996000000000194E-002
         526   9.9729999999999208E-002
         527  0.10363399999999956     
         528  0.11473900000000015     
         529  0.10392000000000046     
         530  0.10085899999999981     
         531  0.10203300000000048     
         532  0.10234299999999941     
         533  0.10335399999999950     
         534  0.10381500000000088     
         535  0.10499699999999912     
         536  0.10521699999999967     
         537  0.10546100000000003     
         538  0.10565000000000069     
         539  0.10578699999999941     
         540  0.10669500000000021     
         541  0.10693600000000103     
         542  0.10784199999999977     
         543  0.10833100000000151     
         544  0.10881700000000016     
         545  0.10943700000000156     
         546  0.10987800000000014     
         547  0.11119799999999991     
         548  0.11130700000000004     
         549  0.11180300000000010     
         550  0.11247900000000044     
         551  0.11299700000000001     
         552  0.11393400000000042     
         553  0.11404499999999906     
         554  0.11475499999999883     
         555  0.11760800000000060     
         556  0.11604800000000104     
         557  0.11704500000000095     
         558  0.11695399999999978     
         559  0.11779000000000117     
         560  0.11865799999999993     
         561  0.11963199999999929     
         562  0.11990899999999982     
         563  0.12124000000000024     
         564  0.12157099999999943     
         565  0.12208500000000022     
         566  0.12235000000000085     
         567  0.12288200000000060     
         568  0.12391500000000022     
         569  0.12420700000000018     
         570  0.12489199999999911     
         571  0.12600199999999973     
         572  0.12636999999999965     
         573  0.12700399999999945     
         574  0.12734700000000032     
         575  0.12815400000000032     
         576  0.12953700000000090     
         577  0.13036100000000062     
         578  0.13179100000000155     
         579  0.13165399999999927     
         580  0.13158899999999996     
         581  0.13198599999999949     
         582  0.13270200000000010     
         583  0.13368799999999936     
         584  0.13407200000000152     
         585  0.13480900000000062     
         586  0.13653699999999702     
         587  0.13611399999999918     
         588  0.13716099999999898     
         589  0.13751000000000246     
         590  0.13866699999999810     
         591  0.13897199999999899     
         592  0.13983099999999737     
         593  0.14151100000000127     
         594  0.14109499999999997     
         595  0.14231600000000100     
         596  0.14256699999999967     
         597  0.14529800000000037     
         598  0.14380099999999985     
         599  0.14479899999999901     
         600  0.14570600000000056     
         601  0.15880399999999997     
         602  0.14831399999999997     
         603  0.14819100000000002     
         604  0.15063100000000001     
         605  0.14957799999999999     
         606  0.15029300000000001     
         607  0.15049500000000005     
         608  0.15252299999999996     
         609  0.15237699999999998     
         610  0.15301399999999976     
         611  0.15421499999999999     
         612  0.15499900000000011     
         613  0.15562100000000001     
         614  0.15633300000000006     
         615  0.15659499999999982     
         616  0.15878099999999984     
         617  0.15899799999999997     
         618  0.15892499999999998     
         619  0.16053800000000029     
         620  0.16179399999999999     
         621  0.16112500000000018     
         622  0.16236799999999985     
         623  0.16422500000000007     
         624  0.16402999999999990     
         625  0.16532899999999984     
         626  0.16569099999999981     
         627  0.16653200000000012     
         628  0.16727799999999959     
         629  0.16805999999999965     
         630  0.16899300000000039     
         631  0.16938399999999998     
         632  0.17140900000000059     
         633  0.17128800000000055     
         634  0.17231299999999994     
         635  0.17265700000000006     
         636  0.17380399999999963     
         637  0.17636499999999966     
         638  0.17511600000000005     
         639  0.17573600000000056     
         640  0.18045800000000067     
         641  0.17725700000000000     
         642  0.17833800000000011     
         643  0.18046999999999969     
         644  0.17997700000000005     
         645  0.18078299999999992     
         646  0.18187199999999937     
         647  0.18334500000000009     
         648  0.18360800000000044     
         649  0.18406300000000009     
         650  0.18629700000000149     
         651  0.18625999999999898     
         652  0.18906500000000115     
         653  0.19146899999999967     
         654  0.18948800000000077     
         655  0.18912399999999963     
         656  0.19167200000000051     
         657  0.19087899999999891     
         658  0.19244100000000053     
         659  0.19428100000000015     
         660  0.19405500000000053     
         661  0.19506800000000091     
         662  0.19633900000000004     
         663  0.19682500000000047     
         664  0.19755299999999920     
         665  0.19808100000000017     
         666  0.19942400000000049     
         667  0.20011100000000148     
         668  0.20107100000000067     
         669  0.20171799999999962     
         670  0.20289499999999983     
         671  0.20350400000000057     
         672  0.20500200000000035     
         673  0.20529499999999956     
         674  0.20570600000000105     
         675  0.20691899999999919     
         676  0.20815799999999918     
         677  0.20904100000000092     
         678  0.21042300000000047     
         679  0.21064999999999934     
         680  0.21259599999999956     
         681  0.21230599999999988     
         682  0.21363500000000002     
         683  0.21444800000000086     
         684  0.21603899999999854     
         685  0.21648200000000095     
         686  0.21712100000000056     
         687  0.21837999999999980     
         688  0.21961999999999904     
         689  0.22036699999999954     
         690  0.22084399999999960     
         691  0.22168800000000033     
         692  0.22277099999999805     
         693  0.22376799999999974     
         694  0.22490100000000268     
         695  0.22583699999999851     
         696  0.22700100000000134     
         697  0.22813400000000073     
         698  0.22968099999999936     
         699  0.23107699999999909     
         700  0.23159599999999969     
         701  0.23194699999999813     
         702  0.23337700000000083     
         703  0.23385000000000034     
         704  0.23600199999999916     
         705  0.23618300000000048     
         706  0.23705299999999951     
         707  0.23806300000000036     
         708  0.23898700000000161     
         709  0.23943500000000029     
         710  0.24098500000000200     
         711  0.24176800000000043     
         712  0.24281799999999976     
         713  0.24405199999999994     
         714  0.24805800000000033     
         715  0.30789299999999997     
         716  0.25092400000000126     
         717  0.24821099999999774     
         718  0.24920799999999943     
         719  0.25176700000000096     
         720  0.25168299999999988     
         721  0.25187500000000185     
         722  0.25598899999999958     
         723  0.25410600000000017     
         724  0.25543100000000152     
         725  0.25677999999999912     
         726  0.25723799999999741     
         727  0.25817200000000184     
         728  0.25982600000000033     
         729  0.26122499999999960     
         730  0.26248899999999864     
         731  0.26347899999999669     
         732  0.27972800000000220     
         733  0.29930300000000187     
         734  0.29405299999999812     
         735  0.28142599999999973     
         736  0.30597200000000058     
         737  0.30502099999999999     
         738  0.31445499999999882     
         739  0.32031200000000126     
         740  0.38460699999999903     
         741  0.30320299999999989     
         742  0.28469100000000225     
         743  0.34017099999999800     
         744  0.41262400000000099     
         745  0.30053799999999953     
         746  0.28552100000000280     
         747  0.30300799999999839     
         748  0.29145799999999866     
         749  0.28460100000000210     
         750  0.28463599999999900     
         751  0.28586500000000115     
         752  0.29009200000000135     
         753  0.28786300000000153     
         754  0.28883499999999884     
         755  0.29470200000000091     
         756  0.29203400000000101     
         757  0.29289900000000557     
         758  0.29390599999999978     
         759  0.29464099999999860     
         760  0.29778899999999453     
         761  0.29698199999999986     
         762  0.29905300000000068     
         763  0.29898099999999772     
         764  0.30198099999999783     
         765  0.30348700000000406     
         766  0.30428599999999761     
         767  0.30605199999999400     
         768  0.30871100000000240     
         769  0.30744399999999672     
         770  0.30818100000000470     
         771  0.30898799999999937     
         772  0.32875200000000149     
         773  0.39343900000000076     
         774  0.36722600000000227     
         775  0.32253800000000155     
         776  0.36278000000000077     
         777  0.33201300000000344     
         778  0.32662299999999789     
         779  0.40610799999999614     
         780  0.35892799999999880     
         781  0.32898800000000250     
         782  0.48485900000000015     
         783  0.34743399999999980     
         784  0.39648600000000300     
         785  0.35326399999999580     
         786  0.38558200000000653     
         787  0.34267899999999685     
         788  0.37832499999999669     
         789  0.33960199999999929     
         790  0.35789599999999666     
         791  0.39269500000000335     
         792  0.42725099999999827     
         793  0.37104899999999930     
         794  0.38268200000000263     
         795  0.38476699999999653     
         796  0.35145800000000094     
         797  0.35801900000000586     
         798  0.38258300000000389     
         799  0.37566499999999792     
         800  0.35816700000000168     
