             2  0.83825300000000003        1.0029189999999999     
           3   1.6832620000000000        2.0340470000000002     
           4   2.9947600000000003        3.8546859999999992     
           5   5.1410450000000001        5.7942319999999974     
           6   7.1854650000000007        8.2307680000000012     
           7   9.5720649999999949        10.714776000000001     
           8   13.462205999999995        14.299326999999991     
           9   17.588262000000000        18.919180999999995     
          10   23.128619000000000        21.721284000000026     
          11   29.296407999999985        28.590147999999999     
          12   36.387275999999986        31.635567999999978     
          13   46.271545000000003        38.821469999999977     
          14   57.544024999999976        48.135904999999980     
          15   73.995029999999986        52.675081999999975     
          16   87.527692999999999        61.300312000000076     
          17   106.06265999999994        70.401096999999936     
          18   126.43596099999991        79.409801999999900     
          19   156.96366499999999        90.439020000000028     
          20   190.59181400000011        99.792142000000013     
          30   1173.7571820000001        267.45974499999988     
          25   510.10146100000003        175.73860299999996     
          24   428.70532300000002        159.35694599999994     
          28   855.66276799999991        239.30729999999994     
