   (1.39216027875149490E-002,1.64243426561277127E-003)  (-4.67630376961213502E-003,6.37010834459535158E-003)   (1.11148864390061379E-002,1.52691409870601875E-002)  (6.46212834027482886E-004,-1.37417651720855190E-002)
  (-8.07233259402116710E-003,4.60011925475383235E-003)  (-4.88498685586118662E-003,8.11528416427489963E-003)  (-4.49720804046152903E-003,3.27183223150647601E-003)   (5.54416814832322385E-003,9.80272024059837196E-003)
 (-1.50358985123689656E-003,-3.99307764980121570E-004)  (-4.32764316518898726E-002,4.48713871731344707E-002)  (2.09751284596006204E-004,-1.56785227315711824E-002)  (4.75932059784299564E-003,-5.56339953990879011E-004)
  (5.53076485285254257E-003,-5.49126501212543472E-003)           (-0.10412134355572193,-0.12543762211962894)   (1.05494213663679358E-002,1.66966919559937317E-002)  (-3.46467911742746673E-002,8.27198606154353443E-003)
  (-2.92275077046980081E-003,7.23071149467352861E-003)            (-0.19337629094497488,0.11458624244480917) (-3.53025051007347908E-003,-8.36274589937176932E-003) (-6.09664331692348210E-002,-2.92400703383773712E-002)
  (2.73416642265719408E-003,-2.31470546247987755E-003) (-8.02915638430058698E-002,-2.95067940475807616E-002)  (1.37465863898731029E-003,-2.43910160536951965E-003) (-8.62591444233621468E-003,-2.16497257197809058E-003)
 (-8.80309646130362122E-004,-3.78783394598676375E-004) (-1.61681568884537580E-002,-1.81411786285511425E-002)   (1.29845408531631835E-003,7.69486348013848076E-003)   (6.28784415522680440E-003,1.78992377444467492E-002)
  (-1.35458152865923520E-003,2.48985068658653507E-003)  (-8.27626145356111231E-003,4.41144004353963802E-003) (-4.06278038589088716E-003,-6.74808375579458337E-003)  (3.46262669378088125E-002,-4.83760544212006038E-002)
  (9.43532930726659010E-004,-3.41145709558531929E-003) (-3.49379935902274395E-003,-1.47142801275212324E-003)   (6.70841376685102700E-003,9.29900704498008365E-003)  (1.19638921768839938E-002,-2.26941204443840364E-003)
  (-1.56442955440458755E-003,5.81279763724388936E-003)  (5.51923423224309762E-003,-2.85970614153031270E-003) (-4.90623711198201820E-003,-9.04910503407088673E-003)  (-2.10294691472845668E-003,5.28717277947976776E-003)
  (2.12338058680966186E-003,-4.67962311293546821E-003)  (-5.18100365730575756E-003,7.05560250854582981E-003)   (4.21728359869687208E-003,4.74795991701440056E-003) (-7.87938021056396910E-003,-8.16143142387290750E-003)
  (-2.13706376400518358E-003,1.79508844595232045E-003)  (1.60868595694910253E-003,-3.36269640586907238E-003)   (3.97178489577394711E-003,1.38753872683166214E-003)  (-1.67027137183861792E-003,6.01857654922752488E-003)
   (2.51259411511275390E-003,1.42039759393186669E-003)   (1.05449200094523041E-003,4.17792930291743380E-004) (-6.97284600069118885E-003,-4.50698190244420722E-003) (-2.17431300153847571E-003,-2.95444290217651085E-003)
 (-4.43189419684239484E-004,-4.78424179819416599E-003)  (-2.36622759616099106E-003,1.76687485066159768E-003)   (9.89469309506676303E-003,9.68571372478385997E-003)  (-2.22006409288587206E-003,2.37251705677518935E-003)
  (-2.24659711637869479E-003,4.58848567947231414E-003)  (1.49656747101122186E-003,-2.96115038624037395E-003)  (8.97598934056116626E-003,-2.00715540940737394E-003)  (3.82362081378779563E-003,-4.48342999118266083E-003)
   (1.72873444323699624E-002,5.06548830018112121E-003)  (-2.11762732846290484E-003,4.81175651362341326E-003)  (-1.93893146419293525E-003,4.41002216833165997E-002)  (-9.27022439681647430E-003,3.45609819975579860E-003)
  (2.12796940411951775E-003,-2.20864958140866117E-002)  (1.77575842700348780E-003,-4.26004782121683270E-003) (-6.66602569486675900E-002,-4.96959592642202824E-002)  (3.87193590870252725E-003,-7.96926449989732860E-004)
   (7.77612818860304728E-002,9.50120999401201372E-002)  (-9.22764267493616413E-004,2.63147358046452329E-003)       (-6.28269167407516649E-002,0.11394459925330268) (-3.72340305215696551E-004,-4.88523267622131743E-003)
            (0.15595596140101289,-0.11500589811042840)  (-2.97410172686369883E-004,1.79338102715307420E-003)  (-5.29035189267683253E-002,1.24326500869278312E-002)   (4.01724425594978318E-004,4.17759995329887966E-003)
   (6.20812603174845518E-002,3.47894163410168294E-002) (-9.82256150998564491E-004,-3.75873849734709208E-003) (-2.97469976521633761E-002,-5.08325899783720891E-003)  (2.89695606418513248E-003,-1.74192531170739998E-003)
