  (-3.72564769176562602E-002,5.32757339021565964E-003)   (2.06776937583642365E-002,5.89218295455497601E-002)  (-4.31837426877045780E-002,2.29860323507128025E-002)  (1.07267102588967135E-002,-5.24840576025798963E-002)
  (-2.16625790576250969E-002,3.15027874934235841E-002)   (4.08543293964144238E-002,2.35963657158549320E-002)  (-4.96894399208368739E-002,1.34323648754022199E-002)  (1.34980602408579244E-003,-9.40287797709236234E-003)
   (1.52811002262761286E-002,7.00753963849684164E-002)  (-6.79113043375880465E-002,3.15246447354918663E-002) (-1.29406082902656719E-002,-9.37791316593164503E-003)  (3.38249347602135875E-002,-4.61268452064913514E-002)
 (-7.55262687521680506E-003,-2.53164654844375107E-002)      (-3.35811958737971469E-002,-0.12256640645158556)  (-2.42586160505981543E-002,3.55650724153166314E-002) (-7.36678290784003979E-003,-1.45128893627604963E-002)
   (4.65176851181697132E-002,7.90572396646359171E-002)            (-0.12322941449267523,0.10983406208011112)  (-1.18815664604747136E-002,6.09955950686062384E-003) (-7.49228348370941429E-003,-2.40783563063560122E-002)
   (1.70664095653095434E-002,1.14158374963497962E-002)      (-0.10553957558067625,-1.02170910519907669E-002)   (1.26777197436394370E-002,1.70897493222389937E-002)  (1.42234260469541341E-002,-2.83398458940550303E-002)
  (-3.43155322230475693E-002,2.53975634989429856E-002) (-1.08275861485780112E-002,-9.09533521410404305E-002) (-3.91828073183189338E-002,-1.90367879822452707E-003)  (-2.13729681862308216E-002,2.47760309181750639E-003)
  (-2.21596517184706500E-002,2.91489094359720230E-002)   (3.03296846527583291E-002,1.42594017794704358E-002) (-2.13539783164427531E-002,-3.15008137391024207E-002)       (0.12170739713877904,-4.68030552199753813E-002)
   (2.57466084374343429E-002,5.09953616971856663E-002)  (3.55850545947074201E-002,-4.55684196778757752E-002)   (1.76900443029882684E-002,3.82681378955645954E-002)       (0.11332038388481551,-9.19522154535056258E-002)
   (2.73544914877516497E-002,3.43622337221686502E-002)  (3.20645360754459033E-003,-1.55157416858217947E-002) (-5.65519103497730477E-002,-3.45132659411393232E-003)  (-4.48047636700093198E-003,8.73541116019466435E-002)
  (-5.08128126355864088E-002,6.93998452406377475E-004) (-1.81095661465851855E-002,-1.50614147275669272E-002)  (1.20917348305324551E-002,-2.89076962518679051E-002)       (2.98139708919102735E-002,-0.10338188360009394)
  (-2.60961099026599183E-002,4.61484399397281905E-002)  (8.12839500514998120E-003,-4.24046640503762187E-002)  (-1.49038425256249937E-002,2.89295957209357545E-002)   (5.38146200929114082E-002,3.40782422233748973E-004)
   (2.76334468248267823E-002,4.56671153084501347E-002)  (-8.94806321790857229E-003,1.32823765424620113E-002)  (-2.95918789336144968E-002,1.89275346352917994E-003)  (2.35670703190920608E-002,-6.86198763916223142E-002)
 (-3.56231429496243340E-003,-1.82840814781254114E-002)  (-3.04862587339550933E-002,3.87853615424978426E-002)  (-1.69594130216093771E-002,8.55401354551707169E-003) (-1.50906822448988679E-002,-2.89963640264618815E-002)
   (6.50754718026083211E-003,3.70125804587501384E-002)  (1.24701134777805162E-002,-3.73869971931480374E-002) (-2.15000965095645674E-002,-5.73823243673947381E-002) (-1.30580784986137430E-002,-3.28563841075436430E-002)
  (1.98117399810406984E-002,-2.54763655979601857E-002)   (3.21634591955736182E-002,4.30491703949413135E-002)  (-8.91997832900657539E-002,2.19422503637688796E-002)  (-1.65355069238465671E-002,8.59508869952012311E-003)
  (8.37946125592393953E-002,-3.99186824349803404E-002)  (5.36158283553328230E-002,-4.82153283437631933E-002)      (-0.14700584353192900,-8.35516715310649083E-002) (-9.64377010924591556E-003,-1.57183088682605610E-002)
        (0.15046043136768711,5.06816170528485363E-002)  (-3.30920143447995738E-002,4.38963535819988510E-002)            (-0.19247396494229818,0.10413783389833563) (-1.89007118788176711E-003,-2.02625760577018511E-002)
       (0.11268874962269659,-6.86757790391092499E-002)  (-1.22409713771628997E-002,5.87481769774055931E-002)      (-0.21332381433594860,-6.50641150835092191E-002) (-1.43158254781786346E-002,-3.61573500461773861E-002)
   (6.20962567441161253E-002,7.88630711022473598E-003)  (5.31282711938583646E-002,-5.05583077954565099E-002) (-9.86735113094942273E-002,-1.24969014486865856E-002) (-3.42066622210619427E-003,-2.39549831099477029E-002)
