   (1.42156630311168885E-002,9.69792124335019101E-002)  (-3.66044430461766948E-002,4.45682794189384279E-002)  (-4.68085528876964821E-002,4.57075454780596427E-002) (-4.55210498894196708E-002,-4.32562276085298320E-002)
  (4.10332653634205985E-002,-1.09796695576426361E-002)   (4.30246469409464871E-002,1.81013563049173577E-002)  (-3.85911945704051143E-002,1.06995676276243571E-002)   (7.02839839075407573E-003,1.71833587551817775E-002)
   (5.75534743091144201E-003,1.60893035733734105E-002)  (-5.10142241332163515E-002,4.74205409677475598E-002) (-1.48240886994074478E-002,-1.70420141121140831E-002) (-1.36213753425133890E-002,-2.67872458038622072E-002)
  (2.34014879470621009E-002,-7.90064289266039811E-003)      (-7.12997200490693706E-002,-0.15027475501533219)  (-1.71003318927499190E-002,2.04200391976540122E-002) (-6.18973748187581427E-003,-1.16674712063226590E-002)
   (2.38666888896533558E-003,2.21425598873651285E-003)       (-8.88358919324932217E-002,0.11077698581022695) (-3.93477346628921809E-002,-1.10353577517269246E-002) (-1.63525661761069196E-002,-2.62135139311710785E-002)
  (2.38091140158700268E-002,-5.81075620903640476E-003) (-5.27742629726317414E-002,-3.19858420577151872E-002)   (7.84636281560284303E-003,2.09876726475824796E-002) (-3.13257198509058199E-002,-2.03705357303947468E-002)
  (7.16367819914095171E-003,-2.55571802749915700E-002) (-4.04660140086026410E-002,-3.44870974725296833E-002) (-3.69545603163392022E-002,-8.43528134422799093E-003)  (2.57069066591970145E-002,-5.78574170975303548E-003)
  (-3.47497659901271072E-002,3.26898567345148619E-002)  (1.44896145502781976E-002,-5.28200415640459400E-002) (-8.35814018503328732E-003,-4.09603846385013376E-002)            (0.12762268849907535,-0.13098493119006188)
  (1.22807669878679058E-002,-3.24327150870302380E-002)  (8.78783917301689532E-002,-3.98867037183395293E-002)   (2.90950196501358511E-002,4.43045816656046990E-002)       (0.12618594314967846,-3.03889119548747463E-002)
  (1.19778014955654911E-002,-4.43586426502714584E-002)  (1.02343774786233226E-002,-2.24008164729145240E-002) (-4.81255879649291202E-002,-4.77041097731897082E-002)  (-5.76781497532049478E-002,2.97522534946707586E-002)
 (-4.29278630995415175E-002,-4.61250508394437791E-002) (-4.42599152421324776E-002,-1.91351298473767494E-002)  (2.54729267988398275E-002,-4.04079187479788535E-002)      (-8.34430944827756031E-003,-0.11453741889341121)
 (-5.16809592111104157E-005,-5.70874145067619063E-002) (-1.50103475300390190E-003,-6.44122516459388061E-002)  (-1.14380757216029048E-002,5.92616910340138577E-003)  (3.54702489387917694E-002,-8.95855440710000700E-003)
  (5.10526619580303678E-003,-1.26550844832659191E-002)  (-3.44924468400202647E-002,6.90308895442104300E-003) (-1.95876827052165088E-002,-4.00742997700542641E-002)  (4.21813055390598338E-002,-2.60294950117887121E-002)
  (1.67824961550692466E-002,-3.58592457726588654E-002) (-6.33444828548025557E-002,-7.02859388652072280E-003) (-4.10724680412544521E-003,-4.06228994888472271E-003)  (1.19966857234801681E-002,-1.87569212929718718E-002)
  (-2.95617901989432830E-002,1.46913399753071210E-002)  (1.29394676232039794E-002,-5.33838468187039783E-002) (-9.65007921202205507E-003,-4.83133702470992868E-002) (-1.12616052481868192E-002,-4.44158086035331551E-002)
  (6.70339295570204219E-002,-3.37038693498506667E-002)   (1.03865136370354157E-002,2.55711613561374965E-002)  (-5.92814704980736892E-002,4.10227343939144548E-002)  (-1.74839807009093059E-002,8.87224917797650205E-003)
  (5.37751519101457229E-002,-1.27989488121895058E-002)  (2.53111416533402522E-002,-5.05806306765631333E-002)      (-0.13976053407794309,-7.00195047169894363E-002)   (3.69851878205812654E-002,2.03387730665816370E-002)
        (6.71630681744628671E-002,0.12913140008511143)  (-2.74970548234602929E-002,1.51890291981151724E-003)            (-0.16906407425711764,0.16250765099708864) (-5.99713163043191985E-002,-3.01422042569115360E-002)
            (0.17243012673892955,-0.10861134989868443)   (2.17720479600194070E-002,2.42536376119791008E-002)      (-0.17714765660313783,-7.70678380079981712E-002) (-4.72730298381971725E-002,-1.54065048112384199E-002)
        (0.15070652491491829,1.94047580990564794E-002)  (7.98620392021073822E-002,-4.05769363057693830E-002)       (-0.11728862388492588,3.73180429938906461E-002)   (1.48689278421131055E-003,2.00147948614863916E-002)
